PREo completed
h
PREo completed
PREo completed
h
h
PREo completed
PREo completed
h
h
100000000000000000000000000000000000000000000000000000000000000000000000000000000000000000000000000000000000000000000000000000000000000000000000000000000000000done
1done
done
done
done
i value is 2
i value is 2
i value is 2
i value is 2
i value is 2
A is 3
l value is 160
A is 3
A is 3
l value is 160
l value is 160
A is 3
A is 3
l value is 160
l value is 160
 b value is 525513913627767929656550902878147367052576756172
 b value is 525513913627767929656550902878147367052576756172
 b value is 525513913627767929656550902878147367052576756172
 b value is 525513913627767929656550902878147367052576756172
 b value is 525513913627767929656550902878147367052576756172
c value is 205236905037683691704568342693357534353399803448
c value is 205236905037683691704568342693357534353399803448
c value is 205236905037683691704568342693357534353399803448
c value is 205236905037683691704568342693357534353399803448
c value is 205236905037683691704568342693357534353399803448
0001110001110111000110110010010010010011110011101101010001011010101011101101111001101000110111110000110100101110111100101000010000000100001001001100111111000100




0011001110001000111001001101101101101100001100010010101110100101010100010010000110010111001000001111001011001001000011010111101111111011110110110011000000111010




PREo started
PREo started
PREo started
PREo started
PREo started
1
1
1
1
1
2
2
2
2
2
3
3
3
3
3
4
4
4
4
4
5
5
5
5
5
6
6
6
6
6
7
7
7
7
7
8
8
8
8
8
9
9
9
9
9
10
10
10
10
10
11
11
11
11
11
12
12
12
12
12
13
13
13
13
13
14
14
14
14
14
15
15
15
15
15
16
16
16
16
16
17
17
17
17
17
18
18
18
18
18
19
19
19
19
19
20
20
20
20
20
21
21
21
21
21
22
22
22
22
22
23
23
23
23
23
24
24
24
24
24
25
25
25
25
25
26
26
26
26
26
27
27
27
27
27
28
28
28
28
28
29
29
29
29
29
30
30
30
30
30
31
31
31
31
31
32
32
32
32
32
33
33
33
33
33
34
34
34
34
34
35
35
35
35
35
36
36
36
36
36
37
37
37
37
37
38
38
38
38
38
39
39
39
39
39
40
40
40
40
40
41
41
41
41
41
42
42
42
42
42
43
43
43
43
43
44
44
44
44
44
45
45
45
45
45
46
46
46
46
46
47
47
47
47
47
48
48
48
48
48
49
49
49
49
49
50
50
50
50
50
51
51
51
51
51
52
52
52
52
52
53
53
53
53
53
54
54
54
54
54
55
55
55
55
55
56
56
56
56
56
57
57
57
57
57
58
58
58
58
58
59
59
59
59
59
60
60
60
60
60
61
61
61
61
61
62
62
62
62
62
63
63
63
63
63
64
64
64
64
64
65
65
65
65
65
66
66
66
66
66
67
67
67
67
67
68
68
68
68
68
69
69
69
69
69
70
70
70
70
70
71
71
71
71
71
72
72
72
72
72
73
73
73
73
73
74
74
74
74
74
75
75
75
75
75
76
76
76
76
76
77
77
77
77
77
78
78
78
78
78
79
79
79
79
79
80
80
80
80
80
81
81
81
81
81
82
82
82
82
82
83
83
83
83
83
84
84
84
84
84
85
85
85
85
85
86
86
86
86
86
87
87
87
87
87
88
88
88
88
88
89
89
89
89
89
90
90
90
90
90
91
91
91
91
91
92
92
92
92
92
93
93
93
93
93
94
94
94
94
94
95
95
95
95
95
96
96
96
96
96
97
97
97
97
97
98
98
98
98
98
99
99
99
99
99
100
100
100
100
100
101
101
101
101
101
102
102
102
102
102
103
103
103
103
103
104
104
104
104
104
105
105
105
105
105
106
106
106
106
106
107
107
107
107
107
108
108
108
108
108
109
109
109
109
109
110
110
110
110
110
111
111
111
111
111
112
112
112
112
112
113
113
113
113
113
114
114
114
114
114
115
115
115
115
115
116
116
116
116
116
117
117
117
117
117
118
118
118
118
118
119
119
119
119
119
120
120
120
120
120
121
121
121
121
121
122
122
122
122
122
123
123
123
123
123
124
124
124
124
124
125
125
125
125
125
126
126
126
126
126
127
127
127
127
127
128
128
128
128
128
129
129
129
129
129
130
130
130
130
130
131
131
131
131
131
132
132
132
132
132
133
133
133
133
133
134
134
134
134
134
135
135
135
135
135
136
136
136
136
136
137
137
137
137
137
138
138
138
138
138
139
139
139
139
139
140
140
140
140
140
141
141
141
141
141
142
142
142
142
142
143
143
143
143
143
144
144
144
144
144
145
145
145
145
145
146
146
146
146
146
147
147
147
147
147
148
148
148
148
148
149
149
149
149
149
150
150
150
150
150
151
151
151
151
151
152
152
152
152
152
153
153
153
153
153
154
154
154
154
154
155
155
155
155
155
156
156
156
156
156
157
157
157
157
157
158
158
158
158
158
159
159
159
159
159
PREo completed
PREo completed
h
PREo completed
h
h
PREo completed
PREo completed
h
h
01000000000000000000000000000000000000000000000000000000000000000000000000000000000000000000000000000000001000000000000000000000000000000000000000000000000000done
done
done
1done
done
d is 730750818665451621361119245571504901405976559620
d is 730750818665451621361119245571504901405976559620
d is 730750818665451621361119245571504901405976559620
d is 730750818665451621361119245571504901405976559620
d is 730750818665451621361119245571504901405976559620
q bit is 1
2^l is 1461501637330902918203684832716283019655932542976
f value is 730750818665451296842565587144778118249955983359
q bit is 1
q bit is 1
2^l is 1461501637330902918203684832716283019655932542976
f value is 730750818665451296842565587144778118249955983359
2^l is 1461501637330902918203684832716283019655932542976
f value is 730750818665451296842565587144778118249955983359
q bit is 1
2^l is 1461501637330902918203684832716283019655932542976
f value is 730750818665451296842565587144778118249955983359
q bit is 1
2^l is 1461501637330902918203684832716283019655932542976
f value is 730750818665451296842565587144778118249955983359
g is 730750818665451296842565587144778118249955983359
g is 730750818665451296842565587144778118249955983359
g is 730750818665451296842565587144778118249955983359
g is 730750818665451296842565587144778118249955983359
g is 730750818665451296842565587144778118249955983359
0010000000000000000000000000000000000000000000000000000000000000000000000000000000000000000000000000000000010000000000000000000000000000000000000000000000000001
0



11111111111111111111111111111111111111111111111111111111111111111111111111111111111111111111111111111111111011111111111111111111111111111111111111111111111111100




PREo started
PREo started
PREo started
PREo started
PREo started
1
1
1
1
1
2
2
2
2
2
3
3
3
3
3
4
4
4
4
4
5
5
5
5
5
6
6
6
6
6
7
7
7
7
7
8
8
8
8
8
9
9
9
9
9
10
10
10
10
10
11
11
11
11
11
12
12
12
12
12
13
13
13
13
13
14
14
14
14
14
15
15
15
15
15
16
16
16
16
16
17
17
17
17
17
18
18
18
18
18
19
19
19
19
19
20
20
20
20
20
21
21
21
21
21
22
22
22
22
22
23
23
23
23
23
24
24
24
24
24
25
25
25
25
25
26
26
26
26
26
27
27
27
27
27
28
28
28
28
28
29
29
29
29
29
30
30
30
30
30
31
31
31
31
31
32
32
32
32
32
33
33
33
33
33
34
34
34
34
34
35
35
35
35
35
36
36
36
36
36
37
37
37
37
37
38
38
38
38
38
39
39
39
39
39
40
40
40
40
40
41
41
41
41
41
42
42
42
42
42
43
43
43
43
43
44
44
44
44
44
45
45
45
45
45
46
46
46
46
46
47
47
47
47
47
48
48
48
48
48
49
49
49
49
49
50
50
50
50
50
51
51
51
51
51
52
52
52
52
52
53
53
53
53
53
54
54
54
54
54
55
55
55
55
55
56
56
56
56
56
57
57
57
57
57
58
58
58
58
58
59
59
59
59
59
60
60
60
60
60
61
61
61
61
61
62
62
62
62
62
63
63
63
63
63
64
64
64
64
64
65
65
65
65
65
66
66
66
66
66
67
67
67
67
67
68
68
68
68
68
69
69
69
69
69
70
70
70
70
70
71
71
71
71
71
72
72
72
72
72
73
73
73
73
73
74
74
74
74
74
75
75
75
75
75
76
76
76
76
76
77
77
77
77
77
78
78
78
78
78
79
79
79
79
79
80
80
80
80
80
81
81
81
81
81
82
82
82
82
82
83
83
83
83
83
84
84
84
84
84
85
85
85
85
85
86
86
86
86
86
87
87
87
87
87
88
88
88
88
88
89
89
89
89
89
90
90
90
90
90
91
91
91
91
91
92
92
92
92
92
93
93
93
93
93
94
94
94
94
94
95
95
95
95
95
96
96
96
96
96
97
97
97
97
97
98
98
98
98
98
99
99
99
99
99
100
100
100
100
100
101
101
101
101
101
102
102
102
102
102
103
103
103
103
103
104
104
104
104
104
105
105
105
105
105
106
106
106
106
106
107
107
107
107
107
108
108
108
108
108
109
109
109
109
109
110
110
110
110
110
111
111
111
111
111
112
112
112
112
112
113
113
113
113
113
114
114
114
114
114
115
115
115
115
115
116
116
116
116
116
117
117
117
117
117
118
118
118
118
118
119
119
119
119
119
120
120
120
120
120
121
121
121
121
121
122
122
122
122
122
123
123
123
123
123
124
124
124
124
124
125
125
125
125
125
126
126
126
126
126
127
127
127
127
127
128
128
128
128
128
129
129
129
129
129
130
130
130
130
130
131
131
131
131
131
132
132
132
132
132
133
133
133
133
133
134
134
134
134
134
135
135
135
135
135
136
136
136
136
136
137
137
137
137
137
138
138
138
138
138
139
139
139
139
139
140
140
140
140
140
141
141
141
141
141
142
142
142
142
142
143
143
143
143
143
144
144
144
144
144
145
145
145
145
145
146
146
146
146
146
147
147
147
147
147
148
148
148
148
148
149
149
149
149
149
150
150
150
150
150
151
151
151
151
151
152
152
152
152
152
153
153
153
153
153
154
154
154
154
154
155
155
155
155
155
156
156
156
156
156
157
157
157
157
157
158
158
158
158
158
159
159
159
159
159
160
160
160
160
160
PREo completed
h
PREo completed
PREo completed
h
h
PREo completed
PREo completed
h
h
1000000000000000000000000000000000000000000000000000000000000000000000000000000000000000000000000000000000000000000000000000000000000000000000000000000000000001done
done
done
done
done
i value is 3
i value is 3
i value is 3
i value is 3
i value is 3
A is 4
l value is 160
A is 4
l value is 160
A is 4
A is 4
A is 4
l value is 160
l value is 160
l value is 160
 b value is 28021705421345969096518738425806085583587594719
 b value is 28021705421345969096518738425806085583587594719
 b value is 28021705421345969096518738425806085583587594719
 b value is 28021705421345969096518738425806085583587594719
 b value is 28021705421345969096518738425806085583587594719
c value is 702729113244105652264600507145698815822388964902
c value is 702729113244105652264600507145698815822388964902
c value is 702729113244105652264600507145698815822388964902
c value is 702729113244105652264600507145698815822388964902
c value is 702729113244105652264600507145698815822388964902
011001000111010101110110111000001000010010101111100011101000001001001101000100000110011001101101001100100100110011100100100011110001100101101110111010001101111


0

111110111000101010001001000111110111101101010000011100010111110110110010111011111001100110010010110011011010101100011011011100001110011010010001000101110010000


0

PREo started
PREo started
PREo started
PREo started
PREo started
1
1
1
1
1
2
2
2
2
2
3
3
3
3
3
4
4
4
4
4
5
5
5
5
5
6
6
6
6
6
7
7
7
7
7
8
8
8
8
8
9
9
9
9
9
10
10
10
10
10
11
11
11
11
11
12
12
12
12
12
13
13
13
13
13
14
14
14
14
14
15
15
15
15
15
16
16
16
16
16
17
17
17
17
17
18
18
18
18
18
19
19
19
19
19
20
20
20
20
20
21
21
21
21
21
22
22
22
22
22
23
23
23
23
23
24
24
24
24
24
25
25
25
25
25
26
26
26
26
26
27
27
27
27
27
28
28
28
28
28
29
29
29
29
29
30
30
30
30
30
31
31
31
31
31
32
32
32
32
32
33
33
33
33
33
34
34
34
34
34
35
35
35
35
35
36
36
36
36
36
37
37
37
37
37
38
38
38
38
38
39
39
39
39
39
40
40
40
40
40
41
41
41
41
41
42
42
42
42
42
43
43
43
43
43
44
44
44
44
44
45
45
45
45
45
46
46
46
46
46
47
47
47
47
47
48
48
48
48
48
49
49
49
49
49
50
50
50
50
50
51
51
51
51
51
52
52
52
52
52
53
53
53
53
53
54
54
54
54
54
55
55
55
55
55
56
56
56
56
56
57
57
57
57
57
58
58
58
58
58
59
59
59
59
59
60
60
60
60
60
61
61
61
61
61
62
62
62
62
62
63
63
63
63
63
64
64
64
64
64
65
65
65
65
65
66
66
66
66
66
67
67
67
67
67
68
68
68
68
68
69
69
69
69
69
70
70
70
70
70
71
71
71
71
71
72
72
72
72
72
73
73
73
73
73
74
74
74
74
74
75
75
75
75
75
76
76
76
76
76
77
77
77
77
77
78
78
78
78
78
79
79
79
79
79
80
80
80
80
80
81
81
81
81
81
82
82
82
82
82
83
83
83
83
83
84
84
84
84
84
85
85
85
85
85
86
86
86
86
86
87
87
87
87
87
88
88
88
88
88
89
89
89
89
89
90
90
90
90
90
91
91
91
91
91
92
92
92
92
92
93
93
93
93
93
94
94
94
94
94
95
95
95
95
95
96
96
96
96
96
97
97
97
97
97
98
98
98
98
98
99
99
99
99
99
100
100
100
100
100
101
101
101
101
101
102
102
102
102
102
103
103
103
103
103
104
104
104
104
104
105
105
105
105
105
106
106
106
106
106
107
107
107
107
107
108
108
108
108
108
109
109
109
109
109
110
110
110
110
110
111
111
111
111
111
112
112
112
112
112
113
113
113
113
113
114
114
114
114
114
115
115
115
115
115
116
116
116
116
116
117
117
117
117
117
118
118
118
118
118
119
119
119
119
119
120
120
120
120
120
121
121
121
121
121
122
122
122
122
122
123
123
123
123
123
124
124
124
124
124
125
125
125
125
125
126
126
126
126
126
127
127
127
127
127
128
128
128
128
128
129
129
129
129
129
130
130
130
130
130
131
131
131
131
131
132
132
132
132
132
133
133
133
133
133
134
134
134
134
134
135
135
135
135
135
136
136
136
136
136
137
137
137
137
137
138
138
138
138
138
139
139
139
139
139
140
140
140
140
140
141
141
141
141
141
142
142
142
142
142
143
143
143
143
143
144
144
144
144
144
145
145
145
145
145
146
146
146
146
146
147
147
147
147
147
148
148
148
148
148
149
149
149
149
149
150
150
150
150
150
151
151
151
151
151
152
152
152
152
152
153
153
153
153
153
154
154
154
154
154
155
155
155
155
155
156
156
156
156
156
157
157
157
157
157
158
158
158
158
158
159
159
159
159
159
PREo completed
PREo completed
PREo completed
PREo completed
h
h
h
h
PREo completed
h
01000000000000000000000000000000000000000000000000000000000000000000000000000000000000000000000000000000001000000000000000000000000000000000000000000000000000done
1done
done
done
done
d is 730750818665451621361119245571504901405976559621
d is 730750818665451621361119245571504901405976559621
d is 730750818665451621361119245571504901405976559621
d is 730750818665451621361119245571504901405976559621
d is 730750818665451621361119245571504901405976559621
q bit is 1
2^l is 1461501637330902918203684832716283019655932542976
f value is 730750818665451296842565587144778118249955983359
q bit is 1
2^l is 1461501637330902918203684832716283019655932542976
f value is 730750818665451296842565587144778118249955983359
q bit is 1
2^l is 1461501637330902918203684832716283019655932542976
f value is 730750818665451296842565587144778118249955983359
q bit is 1
q bit is 1
2^l is 1461501637330902918203684832716283019655932542976
f value is 730750818665451296842565587144778118249955983359
2^l is 1461501637330902918203684832716283019655932542976
f value is 730750818665451296842565587144778118249955983359
g is 730750818665451296842565587144778118249955983359
g is 730750818665451296842565587144778118249955983359
g is 730750818665451296842565587144778118249955983359
g is 730750818665451296842565587144778118249955983359
g is 730750818665451296842565587144778118249955983359
10100000000000000000000000000000000000000000000000000000000000000000000000000000000000000000000000000000000100000000000000000000000000000000000000000000000000010




1111111111111111111111111111111111111111111111111111111111111111111111111111111111111111111111111111111111101111111111111111111111111111111111111111111111111110

0


PREo started
PREo started
PREo started
PREo started
PREo started
1
1
1
1
1
2
2
2
2
2
3
3
3
3
3
4
4
4
4
4
5
5
5
5
5
6
6
6
6
6
7
7
7
7
7
8
8
8
8
8
9
9
9
9
9
10
10
10
10
10
11
11
11
11
11
12
12
12
12
12
13
13
13
13
13
14
14
14
14
14
15
15
15
15
15
16
16
16
16
16
17
17
17
17
17
18
18
18
18
18
19
19
19
19
19
20
20
20
20
20
21
21
21
21
21
22
22
22
22
22
23
23
23
23
23
24
24
24
24
24
25
25
25
25
25
26
26
26
26
26
27
27
27
27
27
28
28
28
28
28
29
29
29
29
29
30
30
30
30
30
31
31
31
31
31
32
32
32
32
32
33
33
33
33
33
34
34
34
34
34
35
35
35
35
35
36
36
36
36
36
37
37
37
37
37
38
38
38
38
38
39
39
39
39
39
40
40
40
40
40
41
41
41
41
41
42
42
42
42
42
43
43
43
43
43
44
44
44
44
44
45
45
45
45
45
46
46
46
46
46
47
47
47
47
47
48
48
48
48
48
49
49
49
49
49
50
50
50
50
50
51
51
51
51
51
52
52
52
52
52
53
53
53
53
53
54
54
54
54
54
55
55
55
55
55
56
56
56
56
56
57
57
57
57
57
58
58
58
58
58
59
59
59
59
59
60
60
60
60
60
61
61
61
61
61
62
62
62
62
62
63
63
63
63
63
64
64
64
64
64
65
65
65
65
65
66
66
66
66
66
67
67
67
67
67
68
68
68
68
68
69
69
69
69
69
70
70
70
70
70
71
71
71
71
71
72
72
72
72
72
73
73
73
73
73
74
74
74
74
74
75
75
75
75
75
76
76
76
76
76
77
77
77
77
77
78
78
78
78
78
79
79
79
79
79
80
80
80
80
80
81
81
81
81
81
82
82
82
82
82
83
83
83
83
83
84
84
84
84
84
85
85
85
85
85
86
86
86
86
86
87
87
87
87
87
88
88
88
88
88
89
89
89
89
89
90
90
90
90
90
91
91
91
91
91
92
92
92
92
92
93
93
93
93
93
94
94
94
94
94
95
95
95
95
95
96
96
96
96
96
97
97
97
97
97
98
98
98
98
98
99
99
99
99
99
100
100
100
100
100
101
101
101
101
101
102
102
102
102
102
103
103
103
103
103
104
104
104
104
104
105
105
105
105
105
106
106
106
106
106
107
107
107
107
107
108
108
108
108
108
109
109
109
109
109
110
110
110
110
110
111
111
111
111
111
112
112
112
112
112
113
113
113
113
113
114
114
114
114
114
115
115
115
115
115
116
116
116
116
116
117
117
117
117
117
118
118
118
118
118
119
119
119
119
119
120
120
120
120
120
121
121
121
121
121
122
122
122
122
122
123
123
123
123
123
124
124
124
124
124
125
125
125
125
125
126
126
126
126
126
127
127
127
127
127
128
128
128
128
128
129
129
129
129
129
130
130
130
130
130
131
131
131
131
131
132
132
132
132
132
133
133
133
133
133
134
134
134
134
134
135
135
135
135
135
136
136
136
136
136
137
137
137
137
137
138
138
138
138
138
139
139
139
139
139
140
140
140
140
140
141
141
141
141
141
142
142
142
142
142
143
143
143
143
143
144
144
144
144
144
145
145
145
145
145
146
146
146
146
146
147
147
147
147
147
148
148
148
148
148
149
149
149
149
149
150
150
150
150
150
151
151
151
151
151
152
152
152
152
152
153
153
153
153
153
154
154
154
154
154
155
155
155
155
155
156
156
156
156
156
157
157
157
157
157
158
158
158
158
158
159
159
159
159
159
160
160
160
160
160
PREo completed
h
PREo completed
h
PREo completed
PREo completed
h
h
PREo completed
h
010000000000000000000000000000000000000000000000000000000000000000000000000000000000000000000000000000000000000000000000000000000000000000000000000000000000000done
done
done
done
1done
i value is 4
i value is 4
i value is 4
i value is 4
i value is 4
A is 5
l value is 160
A is 5
l value is 160
A is 5
A is 5
l value is 160
l value is 160
A is 5
l value is 160
 b value is 87356937795964495936044625158426332252283001724
 b value is 87356937795964495936044625158426332252283001724
 b value is 87356937795964495936044625158426332252283001724
 b value is 87356937795964495936044625158426332252283001724
 b value is 87356937795964495936044625158426332252283001724
c value is 643393880869487125425074620413078569153693557898
c value is 643393880869487125425074620413078569153693557898
c value is 643393880869487125425074620413078569153693557898
c value is 643393880869487125425074620413078569153693557898
c value is 643393880869487125425074620413078569153693557898
010100010010010010010000010100111101001111100110010101100000111001000010100010010100010111011001101111001101011110110000010100110001000111100011010011010000111
0



001111101101101101101111101011000010110000011001101010011111000110111101011101101011101000100110010000110011100001001111101011001110111000011100101100101111000



0
PREo started
PREo started
PREo started
PREo started
PREo started
1
1
1
1
1
2
2
2
2
2
3
3
3
3
3
4
4
4
4
4
5
5
5
5
5
6
6
6
6
6
7
7
7
7
7
8
8
8
8
8
9
9
9
9
9
10
10
10
10
10
11
11
11
11
11
12
12
12
12
12
13
13
13
13
13
14
14
14
14
14
15
15
15
15
15
16
16
16
16
16
17
17
17
17
17
18
18
18
18
18
19
19
19
19
19
20
20
20
20
20
21
21
21
21
21
22
22
22
22
22
23
23
23
23
23
24
24
24
24
24
25
25
25
25
25
26
26
26
26
26
27
27
27
27
27
28
28
28
28
28
29
29
29
29
29
30
30
30
30
30
31
31
31
31
31
32
32
32
32
32
33
33
33
33
33
34
34
34
34
34
35
35
35
35
35
36
36
36
36
36
37
37
37
37
37
38
38
38
38
38
39
39
39
39
39
40
40
40
40
40
41
41
41
41
41
42
42
42
42
42
43
43
43
43
43
44
44
44
44
44
45
45
45
45
45
46
46
46
46
46
47
47
47
47
47
48
48
48
48
48
49
49
49
49
49
50
50
50
50
50
51
51
51
51
51
52
52
52
52
52
53
53
53
53
53
54
54
54
54
54
55
55
55
55
55
56
56
56
56
56
57
57
57
57
57
58
58
58
58
58
59
59
59
59
59
60
60
60
60
60
61
61
61
61
61
62
62
62
62
62
63
63
63
63
63
64
64
64
64
64
65
65
65
65
65
66
66
66
66
66
67
67
67
67
67
68
68
68
68
68
69
69
69
69
69
70
70
70
70
70
71
71
71
71
71
72
72
72
72
72
73
73
73
73
73
74
74
74
74
74
75
75
75
75
75
76
76
76
76
76
77
77
77
77
77
78
78
78
78
78
79
79
79
79
79
80
80
80
80
80
81
81
81
81
81
82
82
82
82
82
83
83
83
83
83
84
84
84
84
84
85
85
85
85
85
86
86
86
86
86
87
87
87
87
87
88
88
88
88
88
89
89
89
89
89
90
90
90
90
90
91
91
91
91
91
92
92
92
92
92
93
93
93
93
93
94
94
94
94
94
95
95
95
95
95
96
96
96
96
96
97
97
97
97
97
98
98
98
98
98
99
99
99
99
99
100
100
100
100
100
101
101
101
101
101
102
102
102
102
102
103
103
103
103
103
104
104
104
104
104
105
105
105
105
105
106
106
106
106
106
107
107
107
107
107
108
108
108
108
108
109
109
109
109
109
110
110
110
110
110
111
111
111
111
111
112
112
112
112
112
113
113
113
113
113
114
114
114
114
114
115
115
115
115
115
116
116
116
116
116
117
117
117
117
117
118
118
118
118
118
119
119
119
119
119
120
120
120
120
120
121
121
121
121
121
122
122
122
122
122
123
123
123
123
123
124
124
124
124
124
125
125
125
125
125
126
126
126
126
126
127
127
127
127
127
128
128
128
128
128
129
129
129
129
129
130
130
130
130
130
131
131
131
131
131
132
132
132
132
132
133
133
133
133
133
134
134
134
134
134
135
135
135
135
135
136
136
136
136
136
137
137
137
137
137
138
138
138
138
138
139
139
139
139
139
140
140
140
140
140
141
141
141
141
141
142
142
142
142
142
143
143
143
143
143
144
144
144
144
144
145
145
145
145
145
146
146
146
146
146
147
147
147
147
147
148
148
148
148
148
149
149
149
149
149
150
150
150
150
150
151
151
151
151
151
152
152
152
152
152
153
153
153
153
153
154
154
154
154
154
155
155
155
155
155
156
156
156
156
156
157
157
157
157
157
158
158
158
158
158
159
159
159
159
159
PREo completed
PREo completed
h
h
PREo completed
h
PREo completed
h
PREo completed
h
11000000000000000000000000000000000000000000000000000000000000000000000000000000000000000000000000000000001000000000000000000000000000000000000000000000000000done
1done
done
done
done
d is 730750818665451621361119245571504901405976559622
d is 730750818665451621361119245571504901405976559622
d is 730750818665451621361119245571504901405976559622
d is 730750818665451621361119245571504901405976559622
d is 730750818665451621361119245571504901405976559622
q bit is 1
2^l is 1461501637330902918203684832716283019655932542976
f value is 730750818665451296842565587144778118249955983359
q bit is 1
q bit is 1
2^l is 1461501637330902918203684832716283019655932542976
f value is 730750818665451296842565587144778118249955983359
2^l is 1461501637330902918203684832716283019655932542976
f value is 730750818665451296842565587144778118249955983359
q bit is 1
2^l is 1461501637330902918203684832716283019655932542976
f value is 730750818665451296842565587144778118249955983359
q bit is 1
2^l is 1461501637330902918203684832716283019655932542976
f value is 730750818665451296842565587144778118249955983359
g is 730750818665451296842565587144778118249955983359
g is 730750818665451296842565587144778118249955983359
g is 730750818665451296842565587144778118249955983359
g is 730750818665451296842565587144778118249955983359
g is 730750818665451296842565587144778118249955983359
01100000000000000000000000000000000000000000000000000000000000000000000000000000000000000000000000000000000100000000000000000000000000000000000000000000000000010




1111111111111111111111111111111111111111111111111111111111111111111111111111111111111111111111111111111111101111111111111111111111111111111111111111111111111110


0

PREo started
PREo started
PREo started
PREo started
PREo started
1
1
1
1
1
2
2
2
2
2
3
3
3
3
3
4
4
4
4
4
5
5
5
5
5
6
6
6
6
6
7
7
7
7
7
8
8
8
8
8
9
9
9
9
9
10
10
10
10
10
11
11
11
11
11
12
12
12
12
12
13
13
13
13
13
14
14
14
14
14
15
15
15
15
15
16
16
16
16
16
17
17
17
17
17
18
18
18
18
18
19
19
19
19
19
20
20
20
20
20
21
21
21
21
21
22
22
22
22
22
23
23
23
23
23
24
24
24
24
24
25
25
25
25
25
26
26
26
26
26
27
27
27
27
27
28
28
28
28
28
29
29
29
29
29
30
30
30
30
30
31
31
31
31
31
32
32
32
32
32
33
33
33
33
33
34
34
34
34
34
35
35
35
35
35
36
36
36
36
36
37
37
37
37
37
38
38
38
38
38
39
39
39
39
39
40
40
40
40
40
41
41
41
41
41
42
42
42
42
42
43
43
43
43
43
44
44
44
44
44
45
45
45
45
45
46
46
46
46
46
47
47
47
47
47
48
48
48
48
48
49
49
49
49
49
50
50
50
50
50
51
51
51
51
51
52
52
52
52
52
53
53
53
53
53
54
54
54
54
54
55
55
55
55
55
56
56
56
56
56
57
57
57
57
57
58
58
58
58
58
59
59
59
59
59
60
60
60
60
60
61
61
61
61
61
62
62
62
62
62
63
63
63
63
63
64
64
64
64
64
65
65
65
65
65
66
66
66
66
66
67
67
67
67
67
68
68
68
68
68
69
69
69
69
69
70
70
70
70
70
71
71
71
71
71
72
72
72
72
72
73
73
73
73
73
74
74
74
74
74
75
75
75
75
75
76
76
76
76
76
77
77
77
77
77
78
78
78
78
78
79
79
79
79
79
80
80
80
80
80
81
81
81
81
81
82
82
82
82
82
83
83
83
83
83
84
84
84
84
84
85
85
85
85
85
86
86
86
86
86
87
87
87
87
87
88
88
88
88
88
89
89
89
89
89
90
90
90
90
90
91
91
91
91
91
92
92
92
92
92
93
93
93
93
93
94
94
94
94
94
95
95
95
95
95
96
96
96
96
96
97
97
97
97
97
98
98
98
98
98
99
99
99
99
99
100
100
100
100
100
101
101
101
101
101
102
102
102
102
102
103
103
103
103
103
104
104
104
104
104
105
105
105
105
105
106
106
106
106
106
107
107
107
107
107
108
108
108
108
108
109
109
109
109
109
110
110
110
110
110
111
111
111
111
111
112
112
112
112
112
113
113
113
113
113
114
114
114
114
114
115
115
115
115
115
116
116
116
116
116
117
117
117
117
117
118
118
118
118
118
119
119
119
119
119
120
120
120
120
120
121
121
121
121
121
122
122
122
122
122
123
123
123
123
123
124
124
124
124
124
125
125
125
125
125
126
126
126
126
126
127
127
127
127
127
128
128
128
128
128
129
129
129
129
129
130
130
130
130
130
131
131
131
131
131
132
132
132
132
132
133
133
133
133
133
134
134
134
134
134
135
135
135
135
135
136
136
136
136
136
137
137
137
137
137
138
138
138
138
138
139
139
139
139
139
140
140
140
140
140
141
141
141
141
141
142
142
142
142
142
143
143
143
143
143
144
144
144
144
144
145
145
145
145
145
146
146
146
146
146
147
147
147
147
147
148
148
148
148
148
149
149
149
149
149
150
150
150
150
150
151
151
151
151
151
152
152
152
152
152
153
153
153
153
153
154
154
154
154
154
155
155
155
155
155
156
156
156
156
156
157
157
157
157
157
158
158
158
158
158
159
159
159
159
159
160
160
160
160
160
PREo completed
h
PREo completed
PREo completed
h
h
PREo completed
PREo completed
h
h
010000000000000000000000000000000000000000000000000000000000000000000000000000000000000000000000000000000000000000000000000000000000000000000000000000000000000done
done
done
done
1done
i value is 5
i value is 5
i value is 5
i value is 5
i value is 5
A is 6
A is 6
l value is 160
l value is 160
A is 6
l value is 160
A is 6
l value is 160
A is 6
l value is 160
 b value is 396199749493596083728127877424319842408861923804
 b value is 396199749493596083728127877424319842408861923804
 b value is 396199749493596083728127877424319842408861923804
 b value is 396199749493596083728127877424319842408861923804
 b value is 396199749493596083728127877424319842408861923804
c value is 334551069171855537632991368147185058997114635819
c value is 334551069171855537632991368147185058997114635819
c value is 334551069171855537632991368147185058997114635819
c value is 334551069171855537632991368147185058997114635819
c value is 334551069171855537632991368147185058997114635819
110101000110000001110111001100111101111100011100001010110000000111100010010101111011110110001111110111111100110000100011011101011011011110010011100110010101110



0
0011101110011111100010001100110000100000111000111101010011111110000111011010100001000010011100000010000000101011110111001000101001001000011011000110011010100010




PREo started
PREo started
PREo started
PREo started
PREo started
1
1
1
1
1
2
2
2
2
2
3
3
3
3
3
4
4
4
4
4
5
5
5
5
5
6
6
6
6
6
7
7
7
7
7
8
8
8
8
8
9
9
9
9
9
10
10
10
10
10
11
11
11
11
11
12
12
12
12
12
13
13
13
13
13
14
14
14
14
14
15
15
15
15
15
16
16
16
16
16
17
17
17
17
17
18
18
18
18
18
19
19
19
19
19
20
20
20
20
20
21
21
21
21
21
22
22
22
22
22
23
23
23
23
23
24
24
24
24
24
25
25
25
25
25
26
26
26
26
26
27
27
27
27
27
28
28
28
28
28
29
29
29
29
29
30
30
30
30
30
31
31
31
31
31
32
32
32
32
32
33
33
33
33
33
34
34
34
34
34
35
35
35
35
35
36
36
36
36
36
37
37
37
37
37
38
38
38
38
38
39
39
39
39
39
40
40
40
40
40
41
41
41
41
41
42
42
42
42
42
43
43
43
43
43
44
44
44
44
44
45
45
45
45
45
46
46
46
46
46
47
47
47
47
47
48
48
48
48
48
49
49
49
49
49
50
50
50
50
50
51
51
51
51
51
52
52
52
52
52
53
53
53
53
53
54
54
54
54
54
55
55
55
55
55
56
56
56
56
56
57
57
57
57
57
58
58
58
58
58
59
59
59
59
59
60
60
60
60
60
61
61
61
61
61
62
62
62
62
62
63
63
63
63
63
64
64
64
64
64
65
65
65
65
65
66
66
66
66
66
67
67
67
67
67
68
68
68
68
68
69
69
69
69
69
70
70
70
70
70
71
71
71
71
71
72
72
72
72
72
73
73
73
73
73
74
74
74
74
74
75
75
75
75
75
76
76
76
76
76
77
77
77
77
77
78
78
78
78
78
79
79
79
79
79
80
80
80
80
80
81
81
81
81
81
82
82
82
82
82
83
83
83
83
83
84
84
84
84
84
85
85
85
85
85
86
86
86
86
86
87
87
87
87
87
88
88
88
88
88
89
89
89
89
89
90
90
90
90
90
91
91
91
91
91
92
92
92
92
92
93
93
93
93
93
94
94
94
94
94
95
95
95
95
95
96
96
96
96
96
97
97
97
97
97
98
98
98
98
98
99
99
99
99
99
100
100
100
100
100
101
101
101
101
101
102
102
102
102
102
103
103
103
103
103
104
104
104
104
104
105
105
105
105
105
106
106
106
106
106
107
107
107
107
107
108
108
108
108
108
109
109
109
109
109
110
110
110
110
110
111
111
111
111
111
112
112
112
112
112
113
113
113
113
113
114
114
114
114
114
115
115
115
115
115
116
116
116
116
116
117
117
117
117
117
118
118
118
118
118
119
119
119
119
119
120
120
120
120
120
121
121
121
121
121
122
122
122
122
122
123
123
123
123
123
124
124
124
124
124
125
125
125
125
125
126
126
126
126
126
127
127
127
127
127
128
128
128
128
128
129
129
129
129
129
130
130
130
130
130
131
131
131
131
131
132
132
132
132
132
133
133
133
133
133
134
134
134
134
134
135
135
135
135
135
136
136
136
136
136
137
137
137
137
137
138
138
138
138
138
139
139
139
139
139
140
140
140
140
140
141
141
141
141
141
142
142
142
142
142
143
143
143
143
143
144
144
144
144
144
145
145
145
145
145
146
146
146
146
146
147
147
147
147
147
148
148
148
148
148
149
149
149
149
149
150
150
150
150
150
151
151
151
151
151
152
152
152
152
152
153
153
153
153
153
154
154
154
154
154
155
155
155
155
155
156
156
156
156
156
157
157
157
157
157
158
158
158
158
158
159
159
159
159
159
PREo completed
h
PREo completed
h
PREo completed
PREo completed
PREo completed
h
h
h
11000000000000000000000000000000000000000000000000000000000000000000000000000000000000000000000000000000001000000000000000000000000000000000000000000000000000done
done
done
1done
done
d is 730750818665451621361119245571504901405976559623
d is 730750818665451621361119245571504901405976559623
d is 730750818665451621361119245571504901405976559623
d is 730750818665451621361119245571504901405976559623
d is 730750818665451621361119245571504901405976559623
q bit is 1
2^l is 1461501637330902918203684832716283019655932542976
f value is 730750818665451296842565587144778118249955983359
q bit is 1
2^l is 1461501637330902918203684832716283019655932542976
q bit is 1
f value is 730750818665451296842565587144778118249955983359
2^l is 1461501637330902918203684832716283019655932542976
f value is 730750818665451296842565587144778118249955983359
q bit is 1
q bit is 1
2^l is 1461501637330902918203684832716283019655932542976
2^l is 1461501637330902918203684832716283019655932542976
f value is 730750818665451296842565587144778118249955983359
f value is 730750818665451296842565587144778118249955983359
g is 730750818665451296842565587144778118249955983359
g is 730750818665451296842565587144778118249955983359
g is 730750818665451296842565587144778118249955983359
g is 730750818665451296842565587144778118249955983359
g is 730750818665451296842565587144778118249955983359
1110000000000000000000000000000000000000000000000000000000000000000000000000000000000000000000000000000000010000000000000000000000000000000000000000000000000001


0

1111111111111111111111111111111111111111111111111111111111111111111111111111111111111111111111111111111111101111111111111111111111111111111111111111111111111110
0



PREo started
PREo started
PREo started
PREo started
PREo started
1
1
1
1
1
2
2
2
2
2
3
3
3
3
3
4
4
4
4
4
5
5
5
5
5
6
6
6
6
6
7
7
7
7
7
8
8
8
8
8
9
9
9
9
9
10
10
10
10
10
11
11
11
11
11
12
12
12
12
12
13
13
13
13
13
14
14
14
14
14
15
15
15
15
15
16
16
16
16
16
17
17
17
17
17
18
18
18
18
18
19
19
19
19
19
20
20
20
20
20
21
21
21
21
21
22
22
22
22
22
23
23
23
23
23
24
24
24
24
24
25
25
25
25
25
26
26
26
26
26
27
27
27
27
27
28
28
28
28
28
29
29
29
29
29
30
30
30
30
30
31
31
31
31
31
32
32
32
32
32
33
33
33
33
33
34
34
34
34
34
35
35
35
35
35
36
36
36
36
36
37
37
37
37
37
38
38
38
38
38
39
39
39
39
39
40
40
40
40
40
41
41
41
41
41
42
42
42
42
42
43
43
43
43
43
44
44
44
44
44
45
45
45
45
45
46
46
46
46
46
47
47
47
47
47
48
48
48
48
48
49
49
49
49
49
50
50
50
50
50
51
51
51
51
51
52
52
52
52
52
53
53
53
53
53
54
54
54
54
54
55
55
55
55
55
56
56
56
56
56
57
57
57
57
57
58
58
58
58
58
59
59
59
59
59
60
60
60
60
60
61
61
61
61
61
62
62
62
62
62
63
63
63
63
63
64
64
64
64
64
65
65
65
65
65
66
66
66
66
66
67
67
67
67
67
68
68
68
68
68
69
69
69
69
69
70
70
70
70
70
71
71
71
71
71
72
72
72
72
72
73
73
73
73
73
74
74
74
74
74
75
75
75
75
75
76
76
76
76
76
77
77
77
77
77
78
78
78
78
78
79
79
79
79
79
80
80
80
80
80
81
81
81
81
81
82
82
82
82
82
83
83
83
83
83
84
84
84
84
84
85
85
85
85
85
86
86
86
86
86
87
87
87
87
87
88
88
88
88
88
89
89
89
89
89
90
90
90
90
90
91
91
91
91
91
92
92
92
92
92
93
93
93
93
93
94
94
94
94
94
95
95
95
95
95
96
96
96
96
96
97
97
97
97
97
98
98
98
98
98
99
99
99
99
99
100
100
100
100
100
101
101
101
101
101
102
102
102
102
102
103
103
103
103
103
104
104
104
104
104
105
105
105
105
105
106
106
106
106
106
107
107
107
107
107
108
108
108
108
108
109
109
109
109
109
110
110
110
110
110
111
111
111
111
111
112
112
112
112
112
113
113
113
113
113
114
114
114
114
114
115
115
115
115
115
116
116
116
116
116
117
117
117
117
117
118
118
118
118
118
119
119
119
119
119
120
120
120
120
120
121
121
121
121
121
122
122
122
122
122
123
123
123
123
123
124
124
124
124
124
125
125
125
125
125
126
126
126
126
126
127
127
127
127
127
128
128
128
128
128
129
129
129
129
129
130
130
130
130
130
131
131
131
131
131
132
132
132
132
132
133
133
133
133
133
134
134
134
134
134
135
135
135
135
135
136
136
136
136
136
137
137
137
137
137
138
138
138
138
138
139
139
139
139
139
140
140
140
140
140
141
141
141
141
141
142
142
142
142
142
143
143
143
143
143
144
144
144
144
144
145
145
145
145
145
146
146
146
146
146
147
147
147
147
147
148
148
148
148
148
149
149
149
149
149
150
150
150
150
150
151
151
151
151
151
152
152
152
152
152
153
153
153
153
153
154
154
154
154
154
155
155
155
155
155
156
156
156
156
156
157
157
157
157
157
158
158
158
158
158
159
159
159
159
159
160
160
160
160
160
PREo completed
h
PREo completed
h
PREo completed
h
PREo completed
h
PREo completed
h
110000000000000000000000000000000000000000000000000000000000000000000000000000000000000000000000000000000000000000000000000000000000000000000000000000000000000done
done
1done
done
done
i value is 6
i value is 6
i value is 6
i value is 6
i value is 6
A is 7
l value is 160
A is 7
l value is 160
A is 7
l value is 160
A is 7
A is 7
l value is 160
l value is 160
 b value is 159854197255163415024607879139790677641071610877
 b value is 159854197255163415024607879139790677641071610877
 b value is 159854197255163415024607879139790677641071610877
 b value is 159854197255163415024607879139790677641071610877
 b value is 159854197255163415024607879139790677641071610877
c value is 570896621410288206336511366431714223764904948747
c value is 570896621410288206336511366431714223764904948747
c value is 570896621410288206336511366431714223764904948747
c value is 570896621410288206336511366431714223764904948747
c value is 570896621410288206336511366431714223764904948747
110100000010110010010110011110100101110000010001010100100100111101010001000010100010011000101100001111100001110110100101101101101111001111000111111111111100011

0


101111111101001101101001100001011010001111101110101011011011000010101110111101011101100111010011110000011111001001011010010010010000110000111000000000000011100


0

PREo started
PREo started
PREo started
PREo started
PREo started
1
1
1
1
1
2
2
2
2
2
3
3
3
3
3
4
4
4
4
4
5
5
5
5
5
6
6
6
6
6
7
7
7
7
7
8
8
8
8
8
9
9
9
9
9
10
10
10
10
10
11
11
11
11
11
12
12
12
12
12
13
13
13
13
13
14
14
14
14
14
15
15
15
15
15
16
16
16
16
16
17
17
17
17
17
18
18
18
18
18
19
19
19
19
19
20
20
20
20
20
21
21
21
21
21
22
22
22
22
22
23
23
23
23
23
24
24
24
24
24
25
25
25
25
25
26
26
26
26
26
27
27
27
27
27
28
28
28
28
28
29
29
29
29
29
30
30
30
30
30
31
31
31
31
31
32
32
32
32
32
33
33
33
33
33
34
34
34
34
34
35
35
35
35
35
36
36
36
36
36
37
37
37
37
37
38
38
38
38
38
39
39
39
39
39
40
40
40
40
40
41
41
41
41
41
42
42
42
42
42
43
43
43
43
43
44
44
44
44
44
45
45
45
45
45
46
46
46
46
46
47
47
47
47
47
48
48
48
48
48
49
49
49
49
49
50
50
50
50
50
51
51
51
51
51
52
52
52
52
52
53
53
53
53
53
54
54
54
54
54
55
55
55
55
55
56
56
56
56
56
57
57
57
57
57
58
58
58
58
58
59
59
59
59
59
60
60
60
60
60
61
61
61
61
61
62
62
62
62
62
63
63
63
63
63
64
64
64
64
64
65
65
65
65
65
66
66
66
66
66
67
67
67
67
67
68
68
68
68
68
69
69
69
69
69
70
70
70
70
70
71
71
71
71
71
72
72
72
72
72
73
73
73
73
73
74
74
74
74
74
75
75
75
75
75
76
76
76
76
76
77
77
77
77
77
78
78
78
78
78
79
79
79
79
79
80
80
80
80
80
81
81
81
81
81
82
82
82
82
82
83
83
83
83
83
84
84
84
84
84
85
85
85
85
85
86
86
86
86
86
87
87
87
87
87
88
88
88
88
88
89
89
89
89
89
90
90
90
90
90
91
91
91
91
91
92
92
92
92
92
93
93
93
93
93
94
94
94
94
94
95
95
95
95
95
96
96
96
96
96
97
97
97
97
97
98
98
98
98
98
99
99
99
99
99
100
100
100
100
100
101
101
101
101
101
102
102
102
102
102
103
103
103
103
103
104
104
104
104
104
105
105
105
105
105
106
106
106
106
106
107
107
107
107
107
108
108
108
108
108
109
109
109
109
109
110
110
110
110
110
111
111
111
111
111
112
112
112
112
112
113
113
113
113
113
114
114
114
114
114
115
115
115
115
115
116
116
116
116
116
117
117
117
117
117
118
118
118
118
118
119
119
119
119
119
120
120
120
120
120
121
121
121
121
121
122
122
122
122
122
123
123
123
123
123
124
124
124
124
124
125
125
125
125
125
126
126
126
126
126
127
127
127
127
127
128
128
128
128
128
129
129
129
129
129
130
130
130
130
130
131
131
131
131
131
132
132
132
132
132
133
133
133
133
133
134
134
134
134
134
135
135
135
135
135
136
136
136
136
136
137
137
137
137
137
138
138
138
138
138
139
139
139
139
139
140
140
140
140
140
141
141
141
141
141
142
142
142
142
142
143
143
143
143
143
144
144
144
144
144
145
145
145
145
145
146
146
146
146
146
147
147
147
147
147
148
148
148
148
148
149
149
149
149
149
150
150
150
150
150
151
151
151
151
151
152
152
152
152
152
153
153
153
153
153
154
154
154
154
154
155
155
155
155
155
156
156
156
156
156
157
157
157
157
157
158
158
158
158
158
159
159
159
159
159
PREo completed
h
PREo completed
h
PREo completed
h
PREo completed
h
PREo completed
h
00100000000000000000000000000000000000000000000000000000000000000000000000000000000000000000000000000000001000000000000000000000000000000000000000000000000000done
done
1done
done
done
d is 730750818665451621361119245571504901405976559624
d is 730750818665451621361119245571504901405976559624
d is 730750818665451621361119245571504901405976559624
d is 730750818665451621361119245571504901405976559624
d is 730750818665451621361119245571504901405976559624
q bit is 1
q bit is 1
2^l is 1461501637330902918203684832716283019655932542976
2^l is 1461501637330902918203684832716283019655932542976
f value is 730750818665451296842565587144778118249955983359
f value is 730750818665451296842565587144778118249955983359
q bit is 1
2^l is 1461501637330902918203684832716283019655932542976
f value is 730750818665451296842565587144778118249955983359
q bit is 1
2^l is 1461501637330902918203684832716283019655932542976
f value is 730750818665451296842565587144778118249955983359
q bit is 1
2^l is 1461501637330902918203684832716283019655932542976
f value is 730750818665451296842565587144778118249955983359
g is 730750818665451296842565587144778118249955983359
g is 730750818665451296842565587144778118249955983359
g is 730750818665451296842565587144778118249955983359
g is 730750818665451296842565587144778118249955983359
g is 730750818665451296842565587144778118249955983359
0001000000000000000000000000000000000000000000000000000000000000000000000000000000000000000000000000000000010000000000000000000000000000000000000000000000000001


0

1111111111111111111111111111111111111111111111111111111111111111111111111111111111111111111111111111111111101111111111111111111111111111111111111111111111111110
0



PREo started
PREo started
PREo started
PREo started
PREo started
1
1
1
1
1
2
2
2
2
2
3
3
3
3
3
4
4
4
4
4
5
5
5
5
5
6
6
6
6
6
7
7
7
7
7
8
8
8
8
8
9
9
9
9
9
10
10
10
10
10
11
11
11
11
11
12
12
12
12
12
13
13
13
13
13
14
14
14
14
14
15
15
15
15
15
16
16
16
16
16
17
17
17
17
17
18
18
18
18
18
19
19
19
19
19
20
20
20
20
20
21
21
21
21
21
22
22
22
22
22
23
23
23
23
23
24
24
24
24
24
25
25
25
25
25
26
26
26
26
26
27
27
27
27
27
28
28
28
28
28
29
29
29
29
29
30
30
30
30
30
31
31
31
31
31
32
32
32
32
32
33
33
33
33
33
34
34
34
34
34
35
35
35
35
35
36
36
36
36
36
37
37
37
37
37
38
38
38
38
38
39
39
39
39
39
40
40
40
40
40
41
41
41
41
41
42
42
42
42
42
43
43
43
43
43
44
44
44
44
44
45
45
45
45
45
46
46
46
46
46
47
47
47
47
47
48
48
48
48
48
49
49
49
49
49
50
50
50
50
50
51
51
51
51
51
52
52
52
52
52
53
53
53
53
53
54
54
54
54
54
55
55
55
55
55
56
56
56
56
56
57
57
57
57
57
58
58
58
58
58
59
59
59
59
59
60
60
60
60
60
61
61
61
61
61
62
62
62
62
62
63
63
63
63
63
64
64
64
64
64
65
65
65
65
65
66
66
66
66
66
67
67
67
67
67
68
68
68
68
68
69
69
69
69
69
70
70
70
70
70
71
71
71
71
71
72
72
72
72
72
73
73
73
73
73
74
74
74
74
74
75
75
75
75
75
76
76
76
76
76
77
77
77
77
77
78
78
78
78
78
79
79
79
79
79
80
80
80
80
80
81
81
81
81
81
82
82
82
82
82
83
83
83
83
83
84
84
84
84
84
85
85
85
85
85
86
86
86
86
86
87
87
87
87
87
88
88
88
88
88
89
89
89
89
89
90
90
90
90
90
91
91
91
91
91
92
92
92
92
92
93
93
93
93
93
94
94
94
94
94
95
95
95
95
95
96
96
96
96
96
97
97
97
97
97
98
98
98
98
98
99
99
99
99
99
100
100
100
100
100
101
101
101
101
101
102
102
102
102
102
103
103
103
103
103
104
104
104
104
104
105
105
105
105
105
106
106
106
106
106
107
107
107
107
107
108
108
108
108
108
109
109
109
109
109
110
110
110
110
110
111
111
111
111
111
112
112
112
112
112
113
113
113
113
113
114
114
114
114
114
115
115
115
115
115
116
116
116
116
116
117
117
117
117
117
118
118
118
118
118
119
119
119
119
119
120
120
120
120
120
121
121
121
121
121
122
122
122
122
122
123
123
123
123
123
124
124
124
124
124
125
125
125
125
125
126
126
126
126
126
127
127
127
127
127
128
128
128
128
128
129
129
129
129
129
130
130
130
130
130
131
131
131
131
131
132
132
132
132
132
133
133
133
133
133
134
134
134
134
134
135
135
135
135
135
136
136
136
136
136
137
137
137
137
137
138
138
138
138
138
139
139
139
139
139
140
140
140
140
140
141
141
141
141
141
142
142
142
142
142
143
143
143
143
143
144
144
144
144
144
145
145
145
145
145
146
146
146
146
146
147
147
147
147
147
148
148
148
148
148
149
149
149
149
149
150
150
150
150
150
151
151
151
151
151
152
152
152
152
152
153
153
153
153
153
154
154
154
154
154
155
155
155
155
155
156
156
156
156
156
157
157
157
157
157
158
158
158
158
158
159
159
159
159
159
160
160
160
160
160
PREo completed
h
PREo completed
PREo completed
h
h
PREo completed
PREo completed
h
h
1100000000000000000000000000000000000000000000000000000000000000000000000000000000000000000000000000000000000000000000000000000000000000000000000000000000000001done
done
done
done
done
i value is 7
i value is 7
i value is 7
i value is 7
i value is 7
A is 8
l value is 160
A is 8
A is 8
l value is 160
l value is 160
A is 8
l value is 160
A is 8
l value is 160
 b value is 521472386441028027740720930553288742711018069588
 b value is 521472386441028027740720930553288742711018069588
 b value is 521472386441028027740720930553288742711018069588
 b value is 521472386441028027740720930553288742711018069588
 b value is 521472386441028027740720930553288742711018069588
c value is 209278432224423593620398315018216158694958490037
c value is 209278432224423593620398315018216158694958490037
c value is 209278432224423593620398315018216158694958490037
c value is 209278432224423593620398315018216158694958490037
c value is 209278432224423593620398315018216158694958490037
1010110110000111001000000110110010000110010011010110101111001010011011101101000011111111011001110010110000101100111001100100100010101001011110100001010100100100




0010101001111000110111111001001101111001101100101001010000110101100100010010111100000000100110001101001111001011000110011011011101010110100001011110101011011010




PREo started
PREo started
PREo started
PREo started
PREo started
1
1
1
1
1
2
2
2
2
2
3
3
3
3
3
4
4
4
4
4
5
5
5
5
5
6
6
6
6
6
7
7
7
7
7
8
8
8
8
8
9
9
9
9
9
10
10
10
10
10
11
11
11
11
11
12
12
12
12
12
13
13
13
13
13
14
14
14
14
14
15
15
15
15
15
16
16
16
16
16
17
17
17
17
17
18
18
18
18
18
19
19
19
19
19
20
20
20
20
20
21
21
21
21
21
22
22
22
22
22
23
23
23
23
23
24
24
24
24
24
25
25
25
25
25
26
26
26
26
26
27
27
27
27
27
28
28
28
28
28
29
29
29
29
29
30
30
30
30
30
31
31
31
31
31
32
32
32
32
32
33
33
33
33
33
34
34
34
34
34
35
35
35
35
35
36
36
36
36
36
37
37
37
37
37
38
38
38
38
38
39
39
39
39
39
40
40
40
40
40
41
41
41
41
41
42
42
42
42
42
43
43
43
43
43
44
44
44
44
44
45
45
45
45
45
46
46
46
46
46
47
47
47
47
47
48
48
48
48
48
49
49
49
49
49
50
50
50
50
50
51
51
51
51
51
52
52
52
52
52
53
53
53
53
53
54
54
54
54
54
55
55
55
55
55
56
56
56
56
56
57
57
57
57
57
58
58
58
58
58
59
59
59
59
59
60
60
60
60
60
61
61
61
61
61
62
62
62
62
62
63
63
63
63
63
64
64
64
64
64
65
65
65
65
65
66
66
66
66
66
67
67
67
67
67
68
68
68
68
68
69
69
69
69
69
70
70
70
70
70
71
71
71
71
71
72
72
72
72
72
73
73
73
73
73
74
74
74
74
74
75
75
75
75
75
76
76
76
76
76
77
77
77
77
77
78
78
78
78
78
79
79
79
79
79
80
80
80
80
80
81
81
81
81
81
82
82
82
82
82
83
83
83
83
83
84
84
84
84
84
85
85
85
85
85
86
86
86
86
86
87
87
87
87
87
88
88
88
88
88
89
89
89
89
89
90
90
90
90
90
91
91
91
91
91
92
92
92
92
92
93
93
93
93
93
94
94
94
94
94
95
95
95
95
95
96
96
96
96
96
97
97
97
97
97
98
98
98
98
98
99
99
99
99
99
100
100
100
100
100
101
101
101
101
101
102
102
102
102
102
103
103
103
103
103
104
104
104
104
104
105
105
105
105
105
106
106
106
106
106
107
107
107
107
107
108
108
108
108
108
109
109
109
109
109
110
110
110
110
110
111
111
111
111
111
112
112
112
112
112
113
113
113
113
113
114
114
114
114
114
115
115
115
115
115
116
116
116
116
116
117
117
117
117
117
118
118
118
118
118
119
119
119
119
119
120
120
120
120
120
121
121
121
121
121
122
122
122
122
122
123
123
123
123
123
124
124
124
124
124
125
125
125
125
125
126
126
126
126
126
127
127
127
127
127
128
128
128
128
128
129
129
129
129
129
130
130
130
130
130
131
131
131
131
131
132
132
132
132
132
133
133
133
133
133
134
134
134
134
134
135
135
135
135
135
136
136
136
136
136
137
137
137
137
137
138
138
138
138
138
139
139
139
139
139
140
140
140
140
140
141
141
141
141
141
142
142
142
142
142
143
143
143
143
143
144
144
144
144
144
145
145
145
145
145
146
146
146
146
146
147
147
147
147
147
148
148
148
148
148
149
149
149
149
149
150
150
150
150
150
151
151
151
151
151
152
152
152
152
152
153
153
153
153
153
154
154
154
154
154
155
155
155
155
155
156
156
156
156
156
157
157
157
157
157
158
158
158
158
158
159
159
159
159
159
PREo completed
h
PREo completed
PREo completed
PREo completed
h
h
h
PREo completed
h
00100000000000000000000000000000000000000000000000000000000000000000000000000000000000000000000000000000001000000000000000000000000000000000000000000000000000done
1done
done
done
done
d is 730750818665451621361119245571504901405976559625
d is 730750818665451621361119245571504901405976559625
d is 730750818665451621361119245571504901405976559625
d is 730750818665451621361119245571504901405976559625
d is 730750818665451621361119245571504901405976559625



